<!DOCTYPE html>
<html lang="en">
  <head>
    <title>Hello!</title>
    <meta charset="utf-8">
    <meta http-equiv="X-UA-Compatible" content="IE=edge">
    <meta name="viewport" content="width=device-width, user-scalable=no, minimum-scale=1.0, maximum-scale=1.0">
    <link rel="stylesheet" href="/style.css">
    <script src="https://aframe.io/releases/1.0.4/aframe.min.js"></script>
    <script src="custom.js"></script> 
    
    <script>
      // link to the learner url - 
      // ARjs.AnchorDebugUI.MarkersAreaLearnerURL = "learner.html"
      // UNCOMMENT TO SEE THE LOCALSTORAGE FILE DATA
      // console.log(localStorage.getItem('ARjsMultiMarkerFile'))
  
	//////////////////////////////////////////////////////////////////////////////////
	//		Define multimarker configuration objects
	//////////////////////////////////////////////////////////////////////////////////
	// the name will correspond to the marker id
	var oneMarker = {
		"meta": {
			"createdBy": "Area Learning - AR.js 1.7.2",
			"createdAt": "2021-05-27T09:18:31.097Z"
		},
		"trackingBackend": "artoolkit",
		"subMarkersControls": [
			{
				"parameters": {
					"type": "pattern",
					"patternUrl": "hiro.patt"
				},
				"poseMatrix": [
					1,
					0,
					0,
					0,
					0,
					1,
					0,
					0,
					0,
					0,
					1,
					0,
					0,
					0,
					0,
					1
				]
			},
			{
				"parameters": {
					"type": "pattern",
					"patternUrl": " kanji.patt"
				},
				"poseMatrix": [
					0.9994046123234787,
					-0.033008253708913964,
					0.010047211589671874,
					0,
					0.033109001332494205,
					0.9994015067574332,
					-0.010032147029656222,
					0,
					-0.009710055879391616,
					0.010358829933189017,
					0.9998990072695274,
					0,
					1.3739590324012843,
					0.08375414137531637,
					0.7022200805191919,
					1
				]
			},
			{
				"parameters": {
					"type": "pattern",
					"patternUrl": " pattern-marker.patt"
				},
				"poseMatrix": [
					0.9998544313767938,
					-0.0069468581291661485,
					0.015576266516284852,
					0,
					0.0063229947658812275,
					0.9991897881109753,
					0.03974970843614252,
					0,
					-0.015839778897474587,
					-0.03964544507279256,
					0.9990882070660425,
					0,
					0.29220346022723565,
					-0.10187734830282266,
					2.3735481634268494,
					1.0000000000000002
				]
			}
		]
	}
	var twoMarker = {
		"meta": {
			"createdBy": "Area Learning - AR.js 1.7.2",
			"createdAt": "2021-05-27T09:19:18.944Z"
		},
		"trackingBackend": "artoolkit",
		"subMarkersControls": [
			{
				"parameters": {
					"type": "pattern",
					"patternUrl": "celtich.patt"
				},
				"poseMatrix": [
					1,
					0,
					0,
					0,
					0,
					1,
					0,
					0,
					0,
					0,
					1,
					0,
					0,
					0,
					0,
					1
				]
			},
			{
				"parameters": {
					"type": "pattern",
					"patternUrl": " celticu.patt"
				},
				"poseMatrix": [
					0.9983683714251296,
					-0.05700397248461356,
					0.0033167802061521996,
					0,
					0.05699044306951575,
					0.9983665177842321,
					0.004039333590914232,
					0,
					-0.0035416188773450354,
					-0.003843716787445664,
					0.9999867254203216,
					0,
					1.3710490716001253,
					-0.1251971259056665,
					-1.3245284626605842,
					1
				]
			},
			{
				"parameters": {
					"type": "pattern",
					"patternUrl": " likeaboss.patt"
				},
				"poseMatrix": [
					0.9781002758667728,
					-0.2075690546899366,
					0.015321854125110725,
					0,
					0.20798253206359593,
					0.9775435075050364,
					-0.033935813225407764,
					0,
					-0.007933751661791857,
					0.036379288374246775,
					0.9993069763558825,
					0,
					-1.3272936211017483,
					0.011364989285005112,
					-1.3429438337827655,
					1
				]
			}
		]
	}
	localStorage.setItem("oneMarkerFile", JSON.stringify(oneMarker));
	localStorage.setItem("twoMarkerFile", JSON.stringify(twoMarker));
    </script>
  </head>  
  <body>
    <a-scene embedded arjs='sourceType: webcam; debugUIEnabled: false; areaLearnerUrl: learner.html'>
		  <a-marker preset="area" id="one" url="hiro.patt, kanji.patt, pattern-marker.patt">
        <a-box position='0 0 0' material='src:https://cdn.glitch.com/34a5515a-d835-470b-9418-cb89a11a1e6d%2Fboss.png?v=1562181906595; opacity: 0.5;'></a-box>
      </a-marker>
	    <a-marker preset="area" id="two" url="celtich.patt, celticu.patt, likeaboss.patt">
        <a-box position='0 0 0' material='src:https://cdn.glitch.com/34a5515a-d835-470b-9418-cb89a11a1e6d%2Fboss.png?v=1562181906595; opacity: 0.5;'></a-box>
      </a-marker>
      <a-entity camera></a-entity>
	  </a-scene>
    <div class="glitchButton" style="position:fixed;top:20px;"></div>
    <script src="https://button.glitch.me/button.js"></script>
  </body>
</html>
