<!DOCTYPE html>
<html lang="en">
  <head>
    <title>Hi there!</title>
    <meta charset="utf-8">
    <meta http-equiv="X-UA-Compatible" content="IE=edge">
    <meta name="viewport" content="width=device-width, user-scalable=no, minimum-scale=1.0, maximum-scale=1.0">
    <link rel="stylesheet" href="/style.css">
    <script src="https://aframe.io/releases/1.0.4/aframe.min.js"></script>
    <script src="ar-js_custom.js"></script> 
    
    <script>
      // link to the learner url - 
      // ARjs.AnchorDebugUI.MarkersAreaLearnerURL = "learner.html"
      // UNCOMMENT TO SEE THE LOCALSTORAGE FILE DATA
      // console.log(localStorage.getItem('ARjsMultiMarkerFile'))
  
	//////////////////////////////////////////////////////////////////////////////////
	//		Define multimarker configuration objects
	//////////////////////////////////////////////////////////////////////////////////
	// the name will correspond to the marker id
	var oneMarker = {
		"meta": {
			"createdBy": "Area Learning - AR.js 1.7.2",
			"createdAt": "2021-05-27T09:18:31.097Z"
		},
		"trackingBackend": "artoolkit",
		"subMarkersControls": [
			{
				"parameters": {
					"type": "pattern",
					"patternUrl": "markers/hiro.patt"
				},
				"poseMatrix": [
					1,
					0,
					0,
					0,
					0,
					1,
					0,
					0,
					0,
					0,
					1,
					0,
					0,
					0,
					0,
					1
				]
			},
			{
				"parameters": {
					"type": "pattern",
					"patternUrl": " markers/kanji.patt"
				},
				"poseMatrix": [
					0.9994046123234787,
					-0.033008253708913964,
					0.010047211589671874,
					0,
					0.033109001332494205,
					0.9994015067574332,
					-0.010032147029656222,
					0,
					-0.009710055879391616,
					0.010358829933189017,
					0.9998990072695274,
					0,
					1.3739590324012843,
					0.08375414137531637,
					0.7022200805191919,
					1
				]
			},
			{
				"parameters": {
					"type": "pattern",
					"patternUrl": " markers/pattern-marker.patt"
				},
				"poseMatrix": [
					0.9998544313767938,
					-0.0069468581291661485,
					0.015576266516284852,
					0,
					0.0063229947658812275,
					0.9991897881109753,
					0.03974970843614252,
					0,
					-0.015839778897474587,
					-0.03964544507279256,
					0.9990882070660425,
					0,
					0.29220346022723565,
					-0.10187734830282266,
					2.3735481634268494,
					1.0000000000000002
				]
			}
		]
	}
	var twoMarker = {
		"meta": {
			"createdBy": "Area Learning - AR.js 1.7.2",
			"createdAt": "2021-05-27T09:19:18.944Z"
		},
		"trackingBackend": "artoolkit",
		"subMarkersControls": [
			{
				"parameters": {
					"type": "pattern",
					"patternUrl": "markers/celtich.patt"
				},
				"poseMatrix": [
					1,
					0,
					0,
					0,
					0,
					1,
					0,
					0,
					0,
					0,
					1,
					0,
					0,
					0,
					0,
					1
				]
			},
			{
				"parameters": {
					"type": "pattern",
					"patternUrl": " markers/celticu.patt"
				},
				"poseMatrix": [
					0.9983683714251296,
					-0.05700397248461356,
					0.0033167802061521996,
					0,
					0.05699044306951575,
					0.9983665177842321,
					0.004039333590914232,
					0,
					-0.0035416188773450354,
					-0.003843716787445664,
					0.9999867254203216,
					0,
					1.3710490716001253,
					-0.1251971259056665,
					-1.3245284626605842,
					1
				]
			},
			{
				"parameters": {
					"type": "pattern",
					"patternUrl": " markers/likeaboss.patt"
				},
				"poseMatrix": [
					0.9781002758667728,
					-0.2075690546899366,
					0.015321854125110725,
					0,
					0.20798253206359593,
					0.9775435075050364,
					-0.033935813225407764,
					0,
					-0.007933751661791857,
					0.036379288374246775,
					0.9993069763558825,
					0,
					-1.3272936211017483,
					0.011364989285005112,
					-1.3429438337827655,
					1
				]
			}
		]
	}
	var threeMarker = {
		"meta": {
			"createdBy": "Area Learning - AR.js 1.7.2",
			"createdAt": "2021-05-31T08:54:00.516Z"
		},
		"trackingBackend": "artoolkit",
		"subMarkersControls": [
			{
				"parameters": {
					"type": "pattern",
					"patternUrl": "pattern-marker1.patt"
				},
				"poseMatrix": [
					1,
					0,
					0,
					0,
					0,
					1,
					0,
					0,
					0,
					0,
					1,
					0,
					0,
					0,
					0,
					1
				]
			},
			{
				"parameters": {
					"type": "pattern",
					"patternUrl": " pattern-marker2.patt"
				},
				"poseMatrix": [
					0.9997781563869704,
					-0.020380525415933604,
					0.005276145016200875,
					0,
					0.02040753658785554,
					0.9997787444334014,
					-0.005118554426928704,
					0,
					-0.005170658314106595,
					0.00522509487260278,
					0.9999727571007593,
					0,
					1.2710823109238676,
					0.013736615537361514,
					0.015691424763728246,
					1
				]
			},
			{
				"parameters": {
					"type": "pattern",
					"patternUrl": " pattern-marker3.patt"
				},
				"poseMatrix": [
					0.9999473487145487,
					0.009628513212213313,
					0.003450928834156017,
					0,
					-0.009642952783750987,
					0.9999448100394073,
					0.004193571627990383,
					0,
					-0.00341035970376858,
					-0.0042266306792291125,
					0.9999850518244116,
					0,
					-0.009537680795235879,
					-0.04793477303448919,
					1.2674720788509357,
					1
				]
			},
			{
				"parameters": {
					"type": "pattern",
					"patternUrl": " pattern-marker4.patt"
				},
				"poseMatrix": [
					0.9996706589658557,
					-0.02407024569595818,
					0.008875631560035555,
					0,
					0.024215432693050314,
					0.9995683855067077,
					-0.01663085961096071,
					0,
					-0.008471491516637767,
					0.01684031492091966,
					0.9998221649856217,
					0,
					1.270467003548968,
					-0.04662305060610839,
					1.2784921633955784,
					1
				]
			}
		]
	}
	localStorage.setItem("oneMarkerFile", JSON.stringify(oneMarker));
	localStorage.setItem("twoMarkerFile", JSON.stringify(twoMarker));
    	localStorage.setItem("threeMarkerFile", JSON.stringify(threeMarker));
    </script>
  </head>  
  <body>
    <a-scene embedded arjs='sourceType: webcam; debugUIEnabled: false; areaLearnerUrl: learner.html'>
      <a-marker preset="area" id="one" url="markers/hiro.patt, markers/kanji.patt, markers/pattern-marker.patt">
        <a-box position='0 0 0' material='opacity: 0.5; color: yellow;'></a-box>
      </a-marker>
	  <a-marker preset="area" id="two" url="markers/celtich.patt, markers/celticu.patt, markers/likeaboss.patt">
        <a-box position='0 0 0' material='opacity: 0.5; color: green;'></a-box>
      </a-marker>
      <a-marker preset="area" id="three" url="markers/pattern-marker1.patt, markers/pattern-marker2.patt, markers/pattern-marker3.patt, markers/pattern-marker4.patt">
        <a-box position='0 0 0' material='opacity: 0.5; color: blue;'></a-box>
      </a-marker>
      <a-entity camera></a-entity>
    </a-scene>
    <div class="glitchButton" style="position:fixed;top:20px;"></div>
    <script src="https://button.glitch.me/button.js"></script>
  </body>
</html>
