<script src="https://aframe.io/releases/0.9.2/aframe.min.js"></script>
<script src="ar30102019.js"></script> 
<script>
 let oneMarker = {
	"meta": {
		"createdBy": "Area Learning - AR.js 1.7.2",
		"createdAt": "2019-10-30T20:44:23.341Z"
	},
	"trackingBackend": "artoolkit",
	"subMarkersControls": [
		{
			"parameters": {
				"type": "pattern",
				"patternUrl": "celtich.patt"
			},
			"poseMatrix": [
				1,
				0,
				0,
				0,
				0,
				1,
				0,
				0,
				0,
				0,
				1,
				0,
				0,
				0,
				0,
				1
			]
		},
		{
			"parameters": {
				"type": "pattern",
				"patternUrl": " likeaboss.patt"
			},
			"poseMatrix": [
				0.9992343316244864,
				-0.03860701514204203,
				0.0063365912320939195,
				0,
				0.038547542692804,
				0.9992138886533177,
				0.00925361173548192,
				0,
				-0.0066888641962472755,
				-0.00900226669306746,
				0.999937104683267,
				0,
				-1.3507175862826324,
				-0.0044748175735992365,
				-1.321526769608031,
				1
			]
		},
		{
			"parameters": {
				"type": "pattern",
				"patternUrl": " celticu.patt"
			},
			"poseMatrix": [
				0.997103191366677,
				-0.07596736599241978,
				0.003764567855706479,
				0,
				0.07603533840966746,
				0.9968257174459827,
				-0.023597935782468514,
				0,
				-0.0019599452267030732,
				0.023815813863963402,
				0.9997144631167724,
				0,
				1.2584681948132266,
				-0.20457330668049467,
				-1.2726264648566743,
				1
			]
		}
	]
}
localStorage.setItem('oneMarkerFile', JSON.stringify(oneMarker));  

var twoMarker = {
	"meta": {
		"createdBy": "Area Learning - AR.js 1.7.2",
		"createdAt": "2019-10-30T20:07:21.440Z"
	},
	"trackingBackend": "artoolkit",
	"subMarkersControls": [
		{
			"parameters": {
				"type": "pattern",
				"patternUrl": "hiro.patt"
			},
			"poseMatrix": [
				1,
				0,
				0,
				0,
				0,
				1,
				0,
				0,
				0,
				0,
				1,
				0,
				0,
				0,
				0,
				1
			]
		},
		{
			"parameters": {
				"type": "pattern",
				"patternUrl": " kanji.patt"
			},
			"poseMatrix": [
				0.8872856745412369,
				0.44767971566382625,
				-0.11093683366454242,
				0,
				-0.4552008411978459,
				0.8112634624148763,
				-0.3669383730303982,
				0,
				-0.07427186172540977,
				0.37607766007193677,
				0.9236067494215652,
				0,
				1.190643337722509,
				0.984320104538486,
				0.41869716061461265,
				0.9999999999999999
			]
		}
	]
}
localStorage.setItem('twoMarkerFile', JSON.stringify(twoMarker));  

</script>
<body>

<a-scene arjs='sourceType: webcam;'>
      <a-marker id='one' preset='area'>
        <a-box></a-box>
      </a-marker>
      <a-marker id='two' preset='area'>
        <a-sphere position='0 0 1'></a-sphere>
      </a-marker>
      <a-entity camera></a-entity>
</a-scene>

</body>
