var threeMarker = {
		"meta": {
			"createdBy": "Area Learning - AR.js 1.7.2",
			"createdAt": "2021-05-31T08:54:00.516Z"
		},
		"trackingBackend": "artoolkit",
		"subMarkersControls": [
			{
				"parameters": {
					"type": "pattern",
					"patternUrl": "markers/pattern-marker1.patt"
				},
				"poseMatrix": [
					1,
					0,
					0,
					0,
					0,
					1,
					0,
					0,
					0,
					0,
					1,
					0,
					0,
					0,
					0,
					1
				]
			},
			{
				"parameters": {
					"type": "pattern",
					"patternUrl": " markers/pattern-marker2.patt"
				},
				"poseMatrix": [
					0.9997781563869704,
					-0.020380525415933604,
					0.005276145016200875,
					0,
					0.02040753658785554,
					0.9997787444334014,
					-0.005118554426928704,
					0,
					-0.005170658314106595,
					0.00522509487260278,
					0.9999727571007593,
					0,
					1.2710823109238676,
					0.013736615537361514,
					0.015691424763728246,
					1
				]
			},
			{
				"parameters": {
					"type": "pattern",
					"patternUrl": " markers/pattern-marker3.patt"
				},
				"poseMatrix": [
					0.9999473487145487,
					0.009628513212213313,
					0.003450928834156017,
					0,
					-0.009642952783750987,
					0.9999448100394073,
					0.004193571627990383,
					0,
					-0.00341035970376858,
					-0.0042266306792291125,
					0.9999850518244116,
					0,
					-0.009537680795235879,
					-0.04793477303448919,
					1.2674720788509357,
					1
				]
			},
			{
				"parameters": {
					"type": "pattern",
					"patternUrl": " markers/pattern-marker4.patt"
				},
				"poseMatrix": [
					0.9996706589658557,
					-0.02407024569595818,
					0.008875631560035555,
					0,
					0.024215432693050314,
					0.9995683855067077,
					-0.01663085961096071,
					0,
					-0.008471491516637767,
					0.01684031492091966,
					0.9998221649856217,
					0,
					1.270467003548968,
					-0.04662305060610839,
					1.2784921633955784,
					1
				]
			}
		]
	}
  localStorage.setItem("threeMarkerFile", JSON.stringify(threeMarker));
