var sixMarker = {
	"meta": {
		"createdBy": "Area Learning - AR.js 1.7.2",
		"createdAt": "2021-06-16T12:32:15.974Z"
	},
	"trackingBackend": "artoolkit",
	"subMarkersControls": [
		{
			"parameters": {
				"type": "pattern",
				"patternUrl": "markers/pattern-marker_a.patt"
			},
			"poseMatrix": [
				1,
				0,
				0,
				0,
				0,
				1,
				0,
				0,
				0,
				0,
				1,
				0,
				0,
				0,
				0,
				1
			]
		},
		{
			"parameters": {
				"type": "pattern",
				"patternUrl": " markers/pattern-marker_b.patt"
			},
			"poseMatrix": [
				0.999063408817777,
				0.042971738649147405,
				0.0050735548923338735,
				0,
				-0.0429540568884295,
				0.999070933465916,
				-0.0035427802413272387,
				0,
				-0.005221079455589425,
				0.0033215326677206265,
				0.9999809185050895,
				0,
				1.238234762351456,
				0.08631384726458316,
				0.046101680129451074,
				0.9999999999999999
			]
		},
		{
			"parameters": {
				"type": "pattern",
				"patternUrl": " markers/pattern-marker_c.patt"
			},
			"poseMatrix": [
				0.9998828189432044,
				0.014890039746541779,
				0.0035749386598221337,
				0,
				-0.014828048356795725,
				0.999749365545303,
				-0.01678201597656126,
				0,
				-0.003823926936199311,
				0.016727040038721372,
				0.9998528614558454,
				0,
				0.016353711814136314,
				-0.04105985874230663,
				1.2430488744872725,
				0.9999999999999999
			]
		},
		{
			"parameters": {
				"type": "pattern",
				"patternUrl": " markers/pattern-marker_d.patt"
			},
			"poseMatrix": [
				0.9985417858673084,
				0.052838772638374894,
				0.011046118523551822,
				0,
				-0.05279036267195947,
				0.9985949696472314,
				-0.004628121816656628,
				0,
				-0.011275139969897378,
				0.00403824550377168,
				0.9999282648996967,
				0,
				1.2750537241401012,
				-0.0024600776066306534,
				1.245233231558389,
				1
			]
		}
	]
}
